   1.0000000000000000     
  0.95339552118305226     
  0.90798577916237455     
  0.86394343071125435     
  0.82082727297918878     
  0.77881226491109912     
  0.73828214050823260     
  0.69890915902415773     
  0.66059035031274160     
  0.62375192838242688     
  0.58828646946255203     
  0.55390300025910022     
  0.52091072004505634     
  0.48942416186942533     
  0.45910811566073079     
  0.43006632001323347     
  0.40254848161593726     
  0.37630482514832692     
  0.35123840328305878     
  0.32761024288243262     
  0.30532198285430889     
  0.28415325953418147     
  0.26427308744540579     
  0.24572395025203350     
  0.22826495469611538     
  0.21192773376427912     
  0.19683094662369474     
  0.18279428342303314     
  0.16972937696868076     
  0.15775284920245500     
  0.14677740559569047     
  0.13665172131945710     
  0.12743525107711159     
  0.11911838286970565     
  0.11154917627447170     
  0.10471497453488483     
   9.8642395352768295E-002
   9.3219133661042688E-002
   8.8380163759434610E-002
   8.4147972798878395E-002
   8.0458456971469625E-002
   7.7228829627406598E-002
   7.4456740175752226E-002
   7.2111157586002006E-002
   7.0120048159771839E-002
   6.8458461197374074E-002
   6.7106520056073121E-002
   6.6013816278149923E-002
   6.5148501713297155E-002
   6.4488051143388597E-002
   6.3998057274476494E-002
   0.0000000000000000     
   0.0000000000000000     
