   0.0000000000000000     
   5.5592820283299641E-004
   2.1693903907208517E-003
   4.7578598827401584E-003
   8.2390627177851092E-003
   1.2529828959026832E-002
   1.7545144123082286E-002
   2.3204555905496273E-002
   2.9428844947133558E-002
   3.6133010154480456E-002
   4.3240093705690610E-002
   5.0681573119169133E-002
   5.8377367275306166E-002
   6.6252428516831663E-002
   7.4252453048522710E-002
   8.2310644669508812E-002
   9.0352537490767534E-002
   9.8335378051349204E-002
  0.10621454096335226     
  0.11391946392786777     
  0.12141110148096450     
  0.12867099506326166     
  0.13564188903009466     
  0.14228059836372486     
  0.14858993119981848     
  0.15453791120083016     
  0.16007559840632943     
  0.16521408081271979     
  0.16995435290132960     
  0.17424930586351359     
  0.17810322975935480     
  0.18154761140411729     
  0.18455111176141123     
  0.18710205673380320     
  0.18924897339050964     
  0.19098909818173124     
  0.19229673595573749     
  0.19321841451216404     
  0.19378385051669803     
  0.19396541984897273     
  0.19379182147938526     
  0.19331698966253721     
  0.19252683239684859     
  0.19142681448251769     
  0.19007802587826989     
  0.18849005693790605     
  0.18665166667300048     
  0.18461335211134028     
  0.18240773251900591     
  0.18002041329017499     
  0.17748100544870593     
   0.0000000000000000     
   0.0000000000000000     
