   0.0000000000000000     
   7.5666725378616592E-005
   1.0236713517461966E-004
   1.1248621489518899E-005
   3.7216154470161567E-005
   1.0472298516014819E-004
   3.7412395602492456E-005
   1.1349796101110433E-005
   8.7041703741585143E-005
   6.4347635737456641E-005
   5.2798236412239355E-006
   5.8654325524324060E-005
   7.9866772731379003E-005
   1.6816660550489147E-005
   3.2190149416125084E-005
   7.8928265573789157E-005
   3.6718706509810179E-005
   1.7340693807399116E-005
   6.4765726252689464E-005
   5.4029932081582070E-005
   1.6917560151076393E-005
   4.5937073759191101E-005
   6.1398850603074735E-005
   2.6808741364348612E-005
   3.1325834019640631E-005
   5.7776816015484517E-005
   3.9259850702859113E-005
   2.5873865607212821E-005
   4.7587602605197814E-005
   4.7313844586353294E-005
   2.9035553933970605E-005
   3.7385369278793012E-005
   4.7998350412203387E-005
   3.6241707182338724E-005
   3.2126770650672845E-005
   4.2891215877505406E-005
   4.2077816731351221E-005
   3.3011235218293837E-005
   3.6277096189369355E-005
   4.3234289342161626E-005
   3.7684424058286208E-005
   3.2307194710899972E-005
   3.9764378869784545E-005
   4.2231682332986732E-005
   3.2820806475118275E-005
   3.4341498854251000E-005
   4.3572465952803626E-005
   3.6819987343167844E-005
   3.0306064418316941E-005
   4.0934760610836275E-005
   4.1531317756047128E-005
   0.0000000000000000     
   0.0000000000000000     
