   0.0000000000000000     
   7.5497786599165793E-005
   1.0213488435650007E-004
   1.1173671727684940E-005
   3.7305845182831263E-005
   1.0453182122492702E-004
   3.6934102161729078E-005
   1.1660791875137613E-005
   8.7369355385671612E-005
   6.3317170316410705E-005
   5.2219993956012254E-006
   5.9959263319123945E-005
   7.8798460135711787E-005
   1.5544924519435931E-005
   3.4265416543315307E-005
   7.8944763078568834E-005
   3.3868766820998817E-005
   1.9041792553026211E-005
   6.6914296682025535E-005
   5.0345196880401176E-005
   1.6608226165093697E-005
   5.0280441520896097E-005
   5.8702573857257172E-005
   2.3367609433123715E-005
   3.6450204578686631E-005
   5.8137818003995719E-005
   3.3054836397101750E-005
   2.9268708423056428E-005
   5.2067235098651648E-005
   4.0473740632020560E-005
   2.8286337133347199E-005
   4.5093177164910458E-005
   4.3663696383617931E-005
   3.0447313597958526E-005
   4.0224898932799786E-005
   4.3714306006028265E-005
   3.2686529341329469E-005
   3.7820567223937274E-005
   4.2920909309590653E-005
   3.3735543215568794E-005
   3.6425803309572932E-005
   4.2775957467179437E-005
   3.4260665812970371E-005
   3.4535036190777880E-005
   4.3073738662486916E-005
   3.5638399620147398E-005
   3.1940366020460701E-005
   4.2468129985079335E-005
   3.8459801806231136E-005
   2.9841510770619370E-005
   3.9841271666580602E-005
   0.0000000000000000     
   0.0000000000000000     
