   1.0000000000000000     
  0.95243884519809530     
  0.90395873954895134     
  0.85486812888292119     
  0.80547684990951596     
  0.75609231121285803     
  0.70701585739165729     
  0.65853935572759004     
  0.61094204026400767     
  0.56448764336255619     
  0.51942183976042067     
  0.47597002295727742     
  0.43433542849968571     
  0.39469761348019300     
  0.35721129640427002     
  0.32200555657129409     
  0.28918338733199495     
  0.25882159308364683     
  0.23097101569893044     
  0.20565707230048585     
  0.18288058292883758     
  0.16261886373685733     
  0.14482705890138436     
  0.12943968248628265     
  0.11637234002737692     
  0.10552359863707228     
   9.6776973936455610E-002
   9.0003002099927912E-002
   8.5061365720270440E-002
   8.1803043043231313E-002
   8.0072451347966922E-002
   7.9709556826485034E-002
   8.0551925201640881E-002
   8.2436689476528241E-002
   8.5202413583692002E-002
   8.8690833254695151E-002
   9.2748458113072765E-002
   9.7228021760800004E-002
  0.10198976943531557     
  0.10690257561780386     
  0.11184488673298038     
  0.11670548675799662     
  0.12138408611840765     
  0.12579173666118276     
  0.12985107773109300     
  0.13349642041424123     
  0.13667367883199241     
  0.13934015895545768     
  0.14146421675463580     
  0.14302479859124456     
  0.14401087760822454     
   0.0000000000000000     
   0.0000000000000000     
