   0.0000000000000000     
   5.5566810598765945E-004
   2.1655590859820583E-003
   4.7392964825570165E-003
   8.1812381684851759E-003
   1.2391748029454117E-002
   1.7268464871885183E-002
   2.2707552405685418E-002
   2.8604915064098572E-002
   3.4857365510094954E-002
   4.1363730918205097E-002
   4.8025886488263433E-002
   5.4749706118177838E-002
   6.1445921711067053E-002
   6.8030884192314650E-002
   7.4427220938986946E-002
   8.0564385953040302E-002
   8.6379100717215426E-002
   9.1815685236250902E-002
   9.6826280265420089E-002
  0.10137096314466676     
  0.10541776097311691     
  0.10894256606103161     
  0.11192895967227993     
  0.11436795101049194     
  0.11625763919905074     
  0.11760280665429046     
  0.11841445275041344     
  0.11870927702380818     
  0.11850912136594823     
  0.11784038071229760     
  0.11673339165596511     
  0.11522180820733514     
  0.11334197359413292     
  0.11113229656129184     
  0.10863264009854889     
  0.10588372990872399     
  0.10292658924456868     
   9.9802006000650562E-002
   9.6550037162908997E-002
   9.3209554906054773E-002
   8.9817837801427922E-002
   8.6410209768268534E-002
   8.3019728581952862E-002
   7.9676924955106671E-002
   7.6409592442195223E-002
   7.3242627694670978E-002
   7.0197919920368057E-002
   6.7294287784637211E-002
   6.4547461437537715E-002
   6.1970106865762070E-002
   0.0000000000000000     
   0.0000000000000000     
