   0.0000000000000000     
   5.6013277412276293E-004
   2.1829814033241623E-003
   4.7774477456091046E-003
   8.2470894955972793E-003
   1.2491406141359011E-002
   1.7407122520493468E-002
   2.2889453604206262E-002
   2.8833335056083514E-002
   3.5134605208062400E-002
   4.1691125346786609E-002
   4.8403826584762631E-002
   5.5177673077203448E-002
   6.1922532911347153E-002
   6.8553949614450049E-002
   7.4993808873949436E-002
   8.1170896713524801E-002
   8.7021346998027924E-002
   9.2488977725927110E-002
   9.7525517089075697E-002
  0.10209072171721013     
  0.10615239086163686     
  0.10968628149437758     
  0.11267593039327131     
  0.11511239024032692     
  0.11699388757261515     
  0.11832541108732621     
  0.11911823931290409     
  0.11938941701638341     
  0.11916118992545643     
  0.11846040740677427     
  0.11731790266588280     
  0.11576785982713228     
  0.11384717692354776     
  0.11159483338802988     
  0.10905127010046670     
  0.10625778942336470     
  0.10325598196502490     
  0.10008718605806265     
   9.6791985146309267E-002
   9.3409747448850319E-002
   8.9978211429879079E-002
   8.6533119760407978E-002
   8.3107903625239288E-002
   7.9733418417684415E-002
   7.6437731086091878E-002
   7.3245958659971910E-002
   7.0180156797893578E-002
   6.7259256571614717E-002
   6.4499047137064988E-002
   6.1912201447464330E-002
   0.0000000000000000     
   0.0000000000000000     
