   0.0000000000000000     
   5.5884298625639625E-004
   2.1778681975927754E-003
   4.7660597320028824E-003
   8.2270757379602003E-003
   1.2460534789629869E-002
   1.7363299645150473E-002
   2.2830741975263455E-002
   2.8757972574661794E-002
   3.5041022672271292E-002
   4.1577963216073509E-002
   4.8269950398447281E-002
   5.5022187183821729E-002
   6.1744792175650542E-002
   6.8353568788192903E-002
   7.4770669344481566E-002
   8.0925150380028246E-002
   8.6753417068160768E-002
   9.2199556274666958E-002
   9.7215559275577609E-002
  0.10176143661328368     
  0.10580522890572432     
  0.10932291864633546     
  0.11229824912649403     
  0.11472245756746903     
  0.11659393035809774     
  0.11791778895274259     
  0.11870541548927012     
  0.11897392753891088     
  0.11874561160131801     
  0.11804732501347083     
  0.11690987585678592     
  0.11536739023118488     
  0.11345667592778208     
  0.11121659108448460     
  0.10868742586342245     
  0.10591030455888474     
  0.10292661484308539     
   9.9777470098698362E-002
   9.6503209985961291E-002
   9.3142943562331507E-002
   8.9734138428060314E-002
   8.6312258524888538E-002
   8.2910452379995697E-002
   7.9559292775112228E-002
   7.6286568042078895E-002
   7.3117124450791215E-002
   7.0072758471841662E-002
   6.7172157071482358E-002
   6.4430883636643385E-002
   6.1861406637235439E-002
   0.0000000000000000     
   0.0000000000000000     
